#Layer1
0.1
0.01
0.20
0.03
0.04
0.050
0.06
0.07
0.01
0.01
0.02
0.03
0.04
0.05
0.60
0.07
0.01
0.01
0.02
0.30
0.04
0.05
0.06
0.07
0.01
0.01
0.2
0.03
0.04
0.050
0.06
0.07
0.01
0.01
0.02
0.3
0.04
0.05
0.06
0.07
0.01
0.01
0.02
0.03
0.40
0.05
0.06
0.07
0.01
0.01
0.02
0.03
0.40
0.05
0.06
0.07
0.01
0.01
0.02
0.3
0.4
0.05
0.06
0.7
0.01
0.1
0.02
0.03
0.04
0.05
0.06
0.07
#Layer2
0.1
0.1
0.1
0.1
0.1
0.1
0.1
0.1
0.1
0.1
0.1
0.1
0.1
0.1
0.1
0.1
0.1
0.1
0.1
0.1
0.1
0.1
0.1
0.1
0.1
0.1
0.1
0.1
0.1
0.1
0.1
0.1
0.1
0.1
0.1
0.1
0.1
0.1
0.1
0.1
0.1
0.1
0.1
0.1
0.1
0.1
0.1
0.1
0.1
0.1
0.1
0.1
0.1
0.1
0.1
0.1
0.1
0.1
0.1
0.1
0.1
0.1
0.1
0.1
0.1
0.1
0.1
0.1
0.1
0.1
0.1
0.1
0.1
0.1
0.1
0.1
0.1
0.1
0.1
0.1
0.1
0.1
0.1
0.1
0.1
0.1
0.1
0.1
0.1
0.1
